The number of system unit:10

The number of equipment:20

The number of team:5

The node of the maintenance team:21 22 23 24 25

The_coordinates_of_the_node
1	26.4 87.6
2	23.5 91.9
3	23.5 93.6
4	34.6 70.5
5	40.5 65.2
6	48.6 19.3
7	58.5 21.1
8	57.2 24.5
9	72.2 75.1
10	21.7 44.2
11	24.6 51.3
12	27.2 39.6
13	22.8 22.5
14	89.5 90.9
18	95.7 90.6
16	96.8 83.5
17	78.4 28.9
18	60.7 80.8
19	62.7 90.1
20	45.7 51.4
21	77.5 28.1
22	4.5 34.6
23	38.5 48.2
24	71.2 64.5
25	49.4 77.9

The_composition_of_the_system_unit
1   1 2 3 4 5 20
2	4 5 20
3	6 7 8 20
4	9 20
5	9 10 11 12 13 20
6	9 14 15 20
7	15 16 20
8	17 20
9	18 19 20
10	20

The_repair_time_of_equipment
1	25
2	30
3	45
4	25
5	15
6	45
7	20
8	40
9	10
10	25
11	10
12	30
13	45
14	45
15	35
16	10
17	30
18	35
19	10
20	50
21  	0
22  	0
23  	0
24  	0
25  	0

The_capabilities_of_the_system
1	1.2
2	1.3
3	0.9
4	0.7
5	1.8
6	1.4
7	0.9
8	2.2
9	3.8
10	1.7					